[gd_scene load_steps=4 format=3 uid="uid://bcu7yer25jvec"]

[ext_resource type="Script" path="res://scripts/CameraController.cs" id="1_3r6c1"]

[sub_resource type="SeparationRayShape3D" id="SeparationRayShape3D_08f65"]

[sub_resource type="CameraAttributesPractical" id="CameraAttributesPractical_73u8o"]
dof_blur_far_enabled = true
dof_blur_far_distance = 45.0

[node name="CameraController" type="Node3D"]
top_level = true
script = ExtResource("1_3r6c1")

[node name="CameraOverShoulderPivot" type="Marker3D" parent="."]
transform = Transform3D(-0.994522, 0.0400013, -0.0965717, 0, 0.92388, 0.382683, 0.104528, 0.380587, -0.918818, -0.848491, 3.48765, -2.32639)

[node name="CameraSpringArm" type="SpringArm3D" parent="."]
transform = Transform3D(-1, -5.15034e-15, -8.74228e-08, -3.23484e-08, 0.929023, 0.370022, 8.12178e-08, 0.370022, -0.929023, 0, 2.33984, 0)
shape = SubResource("SeparationRayShape3D_08f65")
spring_length = 5.0

[node name="CameraThirdPersonPivot" type="Marker3D" parent="CameraSpringArm"]
transform = Transform3D(1, 0, -2.84217e-14, 0, 1, 0, 0, 0, 1, 5.3609e-07, -0.018755, 3.86785)

[node name="PlayerCamera" type="Camera3D" parent="."]
transform = Transform3D(-1, -3.71248e-14, -8.74228e-08, -3.23484e-08, 0.929023, 0.370022, 8.12178e-08, 0.370022, -0.929023, -8.74228e-07, 3.85161, -3.75149)
top_level = true
attributes = SubResource("CameraAttributesPractical_73u8o")
fov = 50.0

[node name="CameraRayCast" type="RayCast3D" parent="PlayerCamera"]
transform = Transform3D(1, 0, -1.42109e-14, 0, 1, 0, 0, 0, 1, 0, 0, 0)
target_position = Vector3(0, 0, -100)
debug_shape_custom_color = Color(0, 0, 0, 0)
